826,2175,5506,3949,5729,4589,4684,2454,3872,2882500000
808,2152,5467,3899,5601,4496,4570,2392,3724,2882500000
825,2167,5495,3933,5691,4569,4651,2448,3904,2882500000
807,2149,5469,3894,5601,4500,4568,2388,3728,2882500000
834,2178,5505,3948,5704,4587,4663,2462,4010,2882500000
838,2188,5509,3956,5723,4602,4683,2476,4056,2882500000
850,2200,5524,3980,5758,4635,4712,2511,4210,2882500000
843,2194,5522,3971,5739,4624,4698,2489,4126,2882500000
833,2175,5492,3934,5683,4572,4657,2458,4016,2882500000
844,2199,5544,4024,5815,4707,4729,2516,4090,2882500000
843,2191,5507,3951,5710,4601,4684,2487,4158,2882500000
838,2186,5512,3964,5729,4622,4688,2481,4050,2882500000
837,2189,5510,3977,5760,4641,4702,2485,4039,2882500000
839,2188,5511,3957,5716,4606,4683,2487,4084,2882500000
833,2180,5497,3939,5701,4588,4667,2466,4014,2882500000
832,2180,5494,3934,5686,4576,4658,2459,4002,2882500000
830,2180,5497,3942,5702,4594,4668,2463,3982,2882500000
832,2190,5512,3966,5750,4637,4695,2484,3986,2882500000
833,2195,5513,3987,5779,4658,4713,2490,3984,2882500000
829,2179,5484,3923,5646,4549,4610,2440,3986,2882500000
978,2614,6212,5708,8971,6829,5954,3318,4254,288250000
984,2549,6122,5626,8907,6753,5905,3309,4316,288250000
983,2536,6114,5610,8892,6738,5893,3294,4314,288250000
987,2546,6126,5640,8946,6779,5924,3305,4324,288250000
995,2571,6179,5717,9048,6877,5982,3347,4354,288250000
988,2544,6128,5636,8934,6772,5921,3298,4334,288250000
988,2550,6132,5663,8976,6800,5948,3311,4342,288250000
988,2544,6125,5629,8918,6759,5917,3293,4336,288250000
990,2568,6164,5673,8969,6824,5952,3323,4350,288250000
987,2547,6131,5622,8907,6754,5917,3296,4332,288250000
976,2534,6103,5574,8845,6696,5871,3231,4262,288250000
972,2527,6095,5550,8798,6664,5850,3206,4242,288250000
975,2532,6122,5574,8818,6688,5857,3221,4244,288250000
999,2628,6252,5772,9106,6949,6038,3375,4368,288250000
1000,2635,6260,5780,9094,6950,6034,3369,4364,288250000
983,2547,6126,5605,8869,6726,5895,3265,4306,288250000
1003,2657,6309,5840,9184,7029,6085,3398,4376,288250000
993,2592,6200,5705,9006,6848,5984,3329,4350,288250000
974,2536,6118,5563,8808,6672,5854,3217,4252,288250000
966,2548,6146,5542,8676,6607,5803,3188,4201,288250000
1532,6085,10765,12142,17664,14621,11703,5570,5052,28825000
1433,5952,10496,11474,16392,13499,10669,5074,4732,28825000
1556,6217,10921,12283,17848,14821,11878,5675,5174,28825000
1528,6162,10823,12139,17668,14645,11702,5507,5002,28825000
1511,6034,10678,11980,17489,14473,11571,5432,4954,28825000
1514,6045,10693,12000,17506,14484,11587,5440,4952,28825000
1515,6061,10723,12005,17518,14487,11588,5440,4947,28825000
1520,6126,10785,12068,17567,14556,11628,5466,4958,28825000
1521,6088,10748,12033,17552,14533,11620,5474,4980,28825000
1567,6119,10818,12242,17856,14821,11918,5777,5316,28825000
1545,6153,10837,12171,17722,14693,11762,5608,5114,28825000
1590,6176,10915,12403,18096,15034,12085,5901,5440,28825000
1617,6327,11096,12612,18307,15260,12261,6031,5550,28825000
1615,6262,11023,12562,18289,15219,12238,6042,5578,28825000
1624,6213,10975,12546,18305,15238,12287,6108,5702,28825000
1570,6130,10837,12259,17893,14858,11938,5788,5334,28825000
1570,6157,10870,12272,17905,14861,11933,5774,5308,28825000
1566,6133,10840,12277,17917,14869,11924,5753,5264,28825000
1567,6160,10877,12302,17934,14900,11949,5770,5268,28825000
1544,6112,10806,12183,17782,14743,11800,5639,5124,28825000
1864,10484,15876,14690,19948,17119,14116,6959,5358,2882500
1885,10519,15937,14807,20204,17356,14332,6965,5368,2882500
1887,10567,15959,14849,20260,17412,14367,6975,5370,2882500
1878,10440,15843,14743,20124,17295,14279,6950,5366,2882500
1887,10488,15917,14813,20206,17384,14362,6985,5376,2882500
1887,10488,15922,14808,20200,17370,14352,6983,5376,2882500
1894,10564,15975,14871,20282,17438,14388,7020,5390,2882500
1890,10479,15901,14804,20240,17412,14406,7045,5400,2882500
1881,10508,15886,14776,20143,17311,14266,6957,5368,2882500
1873,10454,15869,14742,19983,17137,14098,6979,5370,2882500
1911,10703,16116,15046,20467,17621,14532,7120,5430,2882500
1893,10453,15896,14837,20252,17423,14411,7053,5404,2882500
1907,10629,16043,14983,20402,17554,14509,7109,5430,2882500
1891,10461,15892,14828,20238,17405,14388,7047,5406,2882500
1903,10513,15959,14893,20309,17493,14471,7096,5430,2882500
1905,10503,15965,14913,20337,17493,14471,7132,5444,2882500
1903,10494,15941,14912,20338,17505,14478,7110,5448,2882500
1894,10468,15896,14847,20249,17413,14383,7046,5420,2882500
1912,10532,15997,14969,20405,17583,14536,7157,5470,2882500
1907,10485,15938,14931,20343,17518,14493,7160,5474,2882500
2065,11684,17487,15925,21428,18629,15664,8002,5826,288250
2072,11735,17537,15966,21470,18699,15697,8026,5836,288250
2061,11632,17441,15884,21381,18609,15635,7989,5824,288250
2067,11653,17445,15917,21441,18649,15676,8039,5840,288250
2049,11611,17397,15837,21325,18530,15560,7928,5794,288250
2066,11723,17500,15967,21490,18685,15687,8008,5825,288250
2064,11663,17443,15924,21432,18651,15652,7989,5816,288250
2062,11632,17451,15907,21426,18626,15664,7998,5820,288250
2060,11602,17410,15873,21389,18598,15638,7986,5810,288250
2064,11628,17452,15924,21420,18614,15652,8016,5816,288250
2055,11636,17437,15877,21371,18571,15594,7952,5788,288250
2054,11643,17428,15868,21367,18583,15596,7940,5782,288250
2057,11629,17446,15894,21396,18598,15619,7965,5790,288250
2061,11620,17439,15896,21402,18610,15649,7994,5802,288250
2067,11669,17501,15971,21461,18665,15683,8036,5812,288250
2065,11666,17493,15972,21459,18676,15685,8023,5810,288250
2062,11661,17452,15946,21421,18623,15633,7987,5790,288250
2057,11621,17429,15898,21407,18609,15639,7970,5784,288250
2044,11570,17345,15811,21328,18542,15553,7922,5760,288250
2048,11596,17364,15852,21351,18568,15578,7927,5762,288250
825,2379,5925,4120,5839,4785,4750,2362,3624,2318750000
831,2311,5744,4083,5830,4748,4741,2383,3775,2318750000
823,2288,5692,4052,5797,4714,4717,2364,3734,2318750000
824,2297,5704,4105,5877,4791,4747,2383,3692,2318750000
815,2274,5657,4036,5788,4695,4710,2357,3670,2318750000
811,2274,5652,4033,5783,4685,4700,2351,3630,2318750000
809,2267,5661,4041,5779,4701,4680,2349,3588,2318750000
826,2289,5676,4063,5813,4733,4726,2401,3754,2318750000
828,2292,5683,4076,5833,4749,4735,2417,3756,2318750000
824,2289,5675,4064,5815,4736,4727,2415,3744,2318750000
830,2311,5709,4108,5879,4794,4764,2448,3758,2318750000
826,2293,5678,4071,5826,4746,4736,2437,3750,2318750000
828,2303,5689,4085,5843,4761,4748,2447,3758,2318750000
832,2317,5706,4133,5910,4817,4781,2473,3776,2318750000
831,2321,5696,4131,5936,4830,4801,2486,3776,2318750000
826,2295,5666,4083,5847,4757,4749,2452,3744,2318750000
828,2308,5680,4120,5927,4815,4787,2480,3756,2318750000
823,2292,5661,4059,5810,4725,4732,2446,3728,2318750000
827,2303,5681,4082,5845,4757,4749,2460,3742,2318750000
822,2290,5659,4058,5814,4725,4732,2445,3720,2318750000
993,2689,6348,6344,9942,7556,6235,3254,4052,231875000
1010,2729,6410,6432,10053,7663,6314,3336,4198,231875000
1007,2699,6369,6383,9984,7602,6270,3297,4175,231875000
1022,2806,6516,6568,10224,7822,6406,3389,4232,231875000
1005,2729,6390,6413,10028,7636,6305,3295,4148,231875000
1016,2744,6427,6503,10188,7757,6396,3358,4184,231875000
1015,2741,6429,6481,10144,7732,6372,3347,4176,231875000
1017,2749,6439,6514,10192,7765,6404,3361,4184,231875000
1024,2784,6501,6604,10317,7890,6473,3413,4210,231875000
1014,2749,6442,6523,10238,7823,6411,3350,4158,231875000
1026,2829,6553,6661,10398,7956,6510,3413,4192,231875000
1010,2716,6405,6461,10147,7719,6351,3311,4146,231875000
1016,2741,6438,6519,10235,7792,6411,3366,4182,231875000
1017,2727,6421,6507,10211,7769,6393,3358,4184,231875000
1019,2745,6442,6535,10251,7798,6420,3372,4192,231875000
1016,2727,6413,6502,10213,7762,6395,3354,4186,231875000
1020,2744,6444,6530,10242,7795,6416,3370,4194,231875000
1018,2732,6426,6505,10213,7774,6396,3361,4186,231875000
1034,2841,6569,6709,10465,8006,6553,3459,4234,231875000
1015,2726,6420,6491,10187,7749,6374,3341,4174,231875000
1542,7259,11949,12478,17478,14621,11588,5615,4916,23187500
1548,7269,11965,12504,17472,14596,11539,5578,4956,23187500
1535,7177,11848,12398,17351,14473,11426,5488,4929,23187500
1536,7142,11828,12381,17326,14458,11426,5496,4934,23187500
1541,7151,11857,12436,17406,14534,11486,5527,4944,23187500
1544,7142,11855,12432,17417,14535,11498,5538,4952,23187500
1558,7307,12034,12603,17577,14706,11620,5609,4980,23187500
1549,7188,11913,12500,17485,14591,11531,5569,4966,23187500
1554,7254,11976,12564,17561,14669,11602,5602,4978,23187500
1551,7194,11927,12501,17473,14595,11541,5587,4972,23187500
1542,7096,11806,12413,17391,14511,11487,5558,4964,23187500
1543,7100,11811,12421,17415,14522,11499,5567,4966,23187500
1554,7219,11941,12546,17532,14652,11585,5617,4990,23187500
1561,7291,12028,12612,17591,14708,11622,5648,5002,23187500
1553,7232,11959,12545,17530,14646,11572,5621,4990,23187500
1555,7256,11984,12565,17545,14658,11593,5633,4994,23187500
1557,7300,12024,12594,17563,14684,11592,5626,4986,23187500
1547,7202,11915,12503,17483,14597,11534,5596,4970,23187500
1553,7160,11888,12516,17515,14619,11575,5642,5000,23187500
1557,7198,11932,12561,17567,14675,11619,5663,5010,23187500
1811,10778,16022,14462,19282,16545,13474,6638,5294,2318750
1833,10851,16115,14594,19391,16631,13505,6727,5384,2318750
1831,10797,16088,14573,19397,16616,13505,6738,5382,2318750
1843,10868,16151,14664,19482,16717,13608,6810,5404,2318750
1841,10746,16084,14599,19435,16683,13596,6825,5412,2318750
1838,10785,16081,14615,19438,16669,13585,6798,5392,2318750
1838,10750,16078,14593,19429,16675,13582,6814,5398,2318750
1840,10767,16087,14608,19435,16683,13562,6806,5396,2318750
1741,10543,15692,13994,18424,15702,12643,6281,5083,2318750
1820,10725,16003,14488,19321,16586,13498,6718,5330,2318750
1817,10781,16013,14494,19334,16578,13497,6721,5336,2318750
1835,10764,16075,14583,19505,16746,13664,6852,5394,2318750
1861,10781,16133,14722,19611,16839,13758,6978,5476,2318750
1864,10791,16154,14740,19616,16844,13754,6991,5480,2318750
1874,10887,16222,14826,19702,16949,13850,7035,5508,2318750
1873,10881,16217,14835,19710,16950,13860,7042,5514,2318750
1869,10836,16191,14797,19691,16930,13838,7029,5502,2318750
1868,10792,16166,14767,19663,16908,13822,7024,5502,2318750
1864,10811,16155,14760,19652,16884,13798,7007,5500,2318750
1764,10627,15748,14142,18815,16128,13068,6434,5177,2318750
1951,11585,17100,15328,20156,17396,14311,7471,5688,231875
1972,11616,17160,15458,20385,17651,14569,7549,5740,231875
1966,11580,17118,15426,20383,17624,14561,7533,5732,231875
1972,11628,17156,15467,20430,17674,14583,7544,5740,231875
1972,11606,17137,15456,20411,17661,14577,7550,5744,231875
1971,11599,17130,15448,20424,17665,14589,7562,5752,231875
1964,11608,17130,15433,20389,17628,14532,7525,5736,231875
1982,11640,17171,15528,20505,17761,14670,7624,5790,231875
1983,11636,17175,15538,20510,17759,14670,7631,5804,231875
1976,11600,17153,15489,20446,17694,14589,7602,5798,231875
1989,11606,17169,15544,20535,17803,14736,7708,5842,231875
1996,11629,17207,15589,20585,17836,14764,7735,5858,231875
1992,11610,17184,15572,20557,17794,14717,7698,5850,231875
1996,11587,17177,15566,20567,17842,14780,7758,5874,231875
1997,11564,17167,15569,20573,17824,14784,7769,5884,231875
2000,11623,17222,15622,20621,17870,14799,7785,5890,231875
2005,11646,17227,15641,20647,17913,14826,7803,5908,231875
2008,11630,17223,15649,20656,17936,14849,7826,5922,231875
2015,11728,17332,15701,20707,17981,14903,7849,5936,231875
2027,11767,17441,15788,20836,18105,15025,7976,5986,231875
872,2532,6072,4334,6167,5090,4989,2684,3978,1981250000
869,2517,6014,4382,6243,5150,4992,2679,3954,1981250000
875,2452,5900,4302,6154,5066,4960,2693,4068,1981250000
851,2412,5848,4233,6075,4977,4891,2607,3882,1981250000
854,2431,5872,4268,6112,5023,4919,2624,3904,1981250000
838,2399,5827,4205,5995,4929,4826,2555,3750,1981250000
857,2415,5852,4249,6080,4995,4895,2632,3934,1981250000
864,2409,5823,4229,6070,4961,4889,2646,4010,1981250000
861,2399,5810,4225,6049,4962,4873,2633,3992,1981250000
864,2425,5845,4266,6112,5015,4915,2666,4008,1981250000
859,2396,5807,4213,6042,4939,4866,2627,3978,1981250000
856,2388,5796,4193,6011,4913,4847,2605,3950,1981250000
854,2384,5787,4178,5985,4896,4833,2594,3944,1981250000
856,2396,5807,4198,6010,4924,4854,2613,3956,1981250000
860,2393,5802,4204,6031,4935,4860,2622,4000,1981250000
864,2403,5814,4220,6046,4964,4876,2642,4027,1981250000
862,2396,5803,4200,6013,4928,4863,2634,4020,1981250000
863,2400,5810,4197,6007,4921,4860,2631,4022,1981250000
866,2407,5816,4218,6047,4959,4880,2649,4052,1981250000
868,2401,5807,4189,5989,4905,4847,2636,4100,1981250000
1155,3190,7116,8185,12601,9820,7754,4164,4560,198125000
1150,3158,7081,8132,12532,9757,7715,4123,4522,198125000
1137,3137,7031,8065,12440,9671,7651,4047,4452,198125000
1122,3049,6907,7900,12221,9472,7514,3947,4408,198125000
1141,3170,7086,8114,12491,9728,7686,4053,4466,198125000
1134,3143,7045,8064,12404,9643,7622,4007,4438,198125000
1130,3118,7013,8024,12354,9600,7591,3990,4440,198125000
1126,3078,6960,7960,12303,9541,7564,3957,4414,198125000
1116,3072,6951,7915,12216,9470,7487,3895,4380,198125000
1108,3094,6968,7875,12145,9423,7449,3833,4328,198125000
1124,3071,6949,7925,12167,9431,7466,3954,4444,198125000
1128,3083,6965,7978,12352,9580,7605,3965,4422,198125000
1127,3135,7035,8031,12382,9629,7611,3955,4402,198125000
1121,3091,6980,7962,12298,9535,7554,3916,4384,198125000
1122,3094,6979,7961,12342,9579,7590,3939,4394,198125000
1130,3118,7014,8019,12384,9619,7620,3969,4416,198125000
1128,3091,6982,7991,12358,9593,7607,3965,4424,198125000
1122,3081,6963,7946,12291,9533,7552,3917,4402,198125000
1121,3081,6960,7946,12287,9527,7552,3917,4398,198125000
1135,3182,7098,8118,12488,9720,7672,3991,4430,198125000
1606,8173,12965,12912,17794,14992,11985,5834,4978,19812500
1604,8052,12876,12968,17878,15061,12013,5799,4974,19812500
1599,8008,12832,12919,17835,15019,11972,5765,4954,19812500
1611,8084,12930,13027,17961,15132,12074,5834,4986,19812500
1600,8057,12886,12946,17867,15030,11978,5754,4940,19812500
1596,8065,12883,12940,17837,15015,11943,5738,4928,19812500
1603,8108,12935,12991,17908,15087,12019,5793,4946,19812500
1598,8049,12873,12929,17843,15019,11960,5761,4932,19812500
1599,8061,12893,12943,17864,15035,11984,5777,4934,19812500
1602,8056,12883,12953,17862,15046,11994,5793,4934,19812500
1602,8046,12870,12958,17894,15055,11999,5808,4938,19812500
1589,7985,12794,12876,17764,14946,11898,5735,4906,19812500
1595,8042,12849,12929,17829,15008,11954,5774,4918,19812500
1592,7993,12812,12892,17798,14974,11929,5767,4912,19812500
1601,7999,12833,12946,17881,15058,12016,5840,4942,19812500
1614,8047,12893,13040,18011,15188,12141,5926,4988,19812500
1622,8012,12884,13079,18087,15262,12227,6031,5036,19812500
1646,8088,12992,13228,17970,15162,12110,5867,4980,19812500
1639,8057,12968,13217,18285,15446,12395,6139,5094,19812500
1633,7995,12891,13155,18200,15369,12325,6096,5076,19812500
1865,10977,16349,14817,19701,16974,13936,7112,5356,1981250
1854,10894,16262,14726,19607,16882,13863,7059,5334,1981250
1857,10843,16220,14721,19601,16899,13904,7105,5354,1981250
1853,10917,16274,14732,19608,16897,13858,7047,5332,1981250
1845,10886,16226,14675,19522,16823,13782,6982,5300,1981250
1837,10855,16165,14611,19442,16729,13713,6926,5276,1981250
1831,10788,16109,14552,19378,16688,13676,6909,5270,1981250
1848,10923,16247,14704,19551,16844,13798,7014,5308,1981250
1852,10897,16230,14710,19555,16851,13829,7046,5322,1981250
1847,10812,16158,14640,19508,16833,13844,7076,5328,1981250
1845,10831,16162,14636,19501,16802,13799,7030,5316,1981250
1854,10850,16192,14697,19556,16850,13868,7102,5338,1981250
1853,10808,16167,14676,19546,16865,13879,7118,5348,1981250
1870,10859,16271,14806,19691,16996,14004,7192,5378,1981250
1878,10991,16403,14908,19786,17089,14046,7209,5384,1981250
1864,10839,16244,14780,19668,16974,13982,7169,5366,1981250
1863,10791,16211,14780,19668,16970,13989,7179,5372,1981250
1863,10789,16199,14767,19680,16963,13988,7177,5368,1981250
1870,10957,16344,14890,19795,17067,14023,7189,5374,1981250
1863,10862,16255,14802,19699,16987,13961,7151,5360,1981250
2061,11635,17486,16071,21240,18557,15731,8702,5938,198125
2053,11603,17430,16038,21212,18539,15717,8698,5930,198125
2047,11668,17470,16017,21211,18511,15640,8599,5884,198125
2037,11577,17369,15940,21078,18387,15546,8533,5858,198125
2037,11620,17391,15943,21072,18388,15540,8531,5866,198125
2012,11616,17323,15805,20898,18209,15298,8297,5764,198125
2003,11485,17211,15702,20790,18116,15253,8272,5752,198125
2000,11490,17207,15693,20773,18083,15230,8248,5740,198125
2004,11529,17241,15736,20833,18152,15277,8283,5752,198125
1999,11460,17177,15673,20750,18072,15213,8247,5738,198125
1993,11455,17149,15630,20693,18020,15156,8191,5718,198125
1973,11418,17086,15499,20534,17851,14962,8017,5649,198125
1956,11440,17046,15413,20406,17717,14797,7856,5588,198125
1936,11364,16944,15270,20226,17539,14623,7703,5530,198125
1908,11324,16830,15102,20000,17296,14361,7462,5442,198125
1887,11258,16738,14952,19807,17119,14162,7288,5376,198125
1886,11219,16692,14930,19788,17103,14145,7282,5374,198125
1880,11225,16675,14903,19753,17059,14095,7234,5353,198125
1867,11206,16631,14821,19628,16942,13960,7108,5306,198125
1854,11186,16564,14727,19531,16837,13850,7001,5266,198125
978,2677,6337,4795,7023,5661,5372,3016,4816,1258750000
974,2613,6223,4707,6915,5567,5317,2992,4866,1258750000
975,2622,6212,4741,6967,5609,5349,3002,4880,1258750000
963,2699,6202,4698,6916,5553,5301,2963,4738,1258750000
972,2742,6222,4783,7006,5634,5359,3011,4814,1258750000
966,2727,6213,4806,7047,5665,5361,3001,4740,1258750000
958,2676,6140,4629,6801,5450,5234,2939,4726,1258750000
942,2653,6125,4592,6745,5397,5188,2893,4548,1258750000
898,2569,6056,4489,6578,5277,5091,2751,4190,1258750000
910,2657,6159,4635,6789,5466,5202,2831,4190,1258750000
929,2543,6073,4558,6735,5402,5195,2905,4456,1258750000
927,2507,6031,4529,6715,5360,5178,2898,4460,1258750000
928,2503,6043,4517,6667,5342,5162,2901,4472,1258750000
935,2517,6051,4552,6742,5399,5211,2940,4526,1258750000
944,2550,6091,4612,6831,5480,5270,2992,4614,1258750000
960,2579,6122,4667,6903,5553,5316,3058,4772,1258750000
962,2573,6103,4637,6863,5511,5299,3056,4812,1258750000
964,2602,6152,4720,6985,5631,5351,3089,4777,1258750000
953,2583,6116,4665,6901,5547,5311,3045,4704,1258750000
950,2574,6099,4657,6888,5538,5300,3032,4670,1258750000
1448,4443,8790,10721,16227,13134,10431,5451,5744,125875000
1404,4294,8595,10425,15835,12762,10108,5161,5488,125875000
1434,4352,8687,10606,16111,13010,10320,5365,5696,125875000
1427,4332,8646,10547,16029,12947,10274,5323,5670,125875000
1416,4307,8610,10475,15921,12840,10172,5251,5610,125875000
1393,4296,8588,10376,15756,12697,10038,5104,5412,125875000
1364,4229,8500,10252,15576,12525,9907,4976,5174,125875000
1404,4307,8621,10455,15879,12812,10146,5207,5466,125875000
1402,4273,8570,10412,15823,12762,10117,5208,5506,125875000
1423,4366,8699,10580,16036,12955,10263,5308,5598,125875000
1412,4310,8620,10470,15893,12829,10182,5247,5546,125875000
1409,4303,8619,10470,15883,12812,10146,5232,5524,125875000
1413,4350,8675,10513,15928,12856,10186,5249,5522,125875000
1422,4437,8769,10606,16027,12975,10288,5308,5564,125875000
1400,4264,8560,10380,15775,12719,10090,5194,5494,125875000
1408,4309,8620,10455,15859,12796,10142,5211,5510,125875000
1393,4290,8594,10398,15779,12735,10099,5184,5386,125875000
1406,4280,8592,10426,15834,12769,10137,5226,5518,125875000
1410,4306,8618,10494,15927,12856,10179,5234,5492,125875000
1413,4334,8652,10513,15938,12868,10190,5241,5512,125875000
1923,9838,15147,14868,20499,17636,14506,7285,6156,12587500
1923,9837,15155,14869,20499,17636,14511,7281,6154,12587500
1934,9912,15235,14953,20571,17693,14558,7335,6188,12587500
1911,9872,15170,14833,20429,17565,14433,7202,6042,12587500
1931,9898,15220,14933,20600,17728,14579,7341,6202,12587500
1933,9898,15219,14937,20585,17721,14586,7338,6194,12587500
1918,9878,15183,14860,20488,17621,14485,7247,6110,12587500
1910,9851,15135,14808,20423,17558,14411,7181,6082,12587500
1898,9804,15080,14727,20323,17455,14331,7117,6032,12587500
1895,9811,15073,14701,20303,17436,14310,7072,6004,12587500
1893,9826,15091,14712,20313,17448,14306,7077,5984,12587500
1867,9708,14934,14558,20184,17314,14192,7003,5880,12587500
1915,9890,15168,14849,20452,17576,14414,7200,6068,12587500
1897,9766,15036,14709,20279,17419,14285,7109,6006,12587500
1898,9785,15049,14724,20311,17442,14305,7129,6026,12587500
1910,9775,15062,14767,20366,17510,14379,7206,6112,12587500
1899,9837,15100,14752,20343,17474,14313,7123,6008,12587500
1897,9819,15075,14744,20322,17449,14303,7115,6000,12587500
1868,9712,14943,14561,20090,17225,14094,6932,5836,12587500
1854,9694,14914,14495,19986,17131,14002,6861,5760,12587500
2000,11436,16965,15399,20812,18032,14921,7417,6026,1258750
2019,11506,17036,15508,20956,18157,15051,7533,6136,1258750
2002,11460,16967,15413,20821,18051,14932,7418,6054,1258750
2006,11478,16979,15444,20863,18078,14959,7450,6060,1258750
1978,11470,16932,15326,20702,17918,14792,7279,5890,1258750
1992,11440,16938,15375,20772,17984,14861,7362,5976,1258750
1972,11446,16890,15280,20666,17864,14744,7223,5850,1258750
2004,11478,16975,15427,20853,18064,14946,7426,6022,1258750
2007,11457,16967,15438,20862,18086,14966,7463,6064,1258750
2018,11474,16995,15499,20937,18167,15057,7549,6148,1258750
2030,11491,17022,15540,21002,18228,15108,7607,6210,1258750
2017,11478,16997,15489,20936,18161,15042,7527,6136,1258750
2016,11517,17026,15497,20933,18154,15018,7501,6112,1258750
2021,11473,17010,15503,20954,18168,15054,7555,6172,1258750
2013,11478,16993,15469,20912,18135,14993,7499,6142,1258750
2008,11465,16949,15445,20927,18138,15005,7464,6108,1258750
2020,11522,17031,15527,20959,18164,15046,7545,6168,1258750
2030,11552,17064,15572,21051,18251,15111,7586,6182,1258750
2019,11507,17013,15520,20961,18167,15044,7544,6158,1258750
2008,11413,16931,15420,20837,18070,14959,7493,6126,1258750
2004,11720,17190,15456,20790,18032,14878,7371,5988,125875
1986,11648,17124,15337,20568,17801,14686,7254,5897,125875
1991,11656,17155,15376,20721,17939,14822,7297,5924,125875
1980,11638,17115,15313,20640,17874,14747,7221,5850,125875
1973,11666,17109,15297,20584,17806,14668,7153,5788,125875
1964,11608,17052,15223,20513,17748,14612,7096,5744,125875
1966,11584,17051,15233,20516,17769,14635,7119,5766,125875
1967,11584,17041,15218,20499,17750,14629,7112,5764,125875
1979,11665,17126,15315,20630,17854,14723,7194,5824,125875
1980,11631,17097,15295,20606,17827,14702,7197,5842,125875
1977,11597,17068,15264,20564,17816,14687,7187,5840,125875
1979,11682,17121,15316,20617,17851,14704,7191,5832,125875
1970,11596,17053,15237,20534,17760,14646,7149,5800,125875
1977,11618,17084,15276,20586,17820,14697,7187,5837,125875
1981,11688,17124,15329,20627,17872,14722,7186,5825,125875
1973,11660,17100,15284,20568,17805,14653,7154,5796,125875
1960,11571,17025,15182,20453,17682,14562,7083,5742,125875
1954,11552,16984,15148,20415,17645,14522,7046,5724,125875
1948,11526,16967,15105,20370,17607,14473,7010,5694,125875
1950,11574,16985,15138,20388,17631,14493,7018,5696,125875
944,2603,6202,5012,7705,5945,5469,3023,4262,913750000
940,2579,6134,4981,7655,5901,5449,3022,4298,913750000
936,2573,6131,4961,7621,5880,5421,2994,4254,913750000
948,2611,6191,5063,7768,6030,5512,3067,4330,913750000
940,2591,6154,4993,7669,5937,5465,3029,4298,913750000
934,2576,6131,4971,7644,5905,5440,2999,4244,913750000
937,2596,6152,5006,7687,5957,5464,3015,4256,913750000
937,2595,6156,5011,7694,5959,5472,3016,4250,913750000
933,2579,6131,4976,7647,5914,5443,2997,4228,913750000
933,2585,6148,5002,7697,5956,5468,3003,4204,913750000
944,2627,6195,5101,7856,6087,5566,3061,4280,913750000
942,2592,6148,5012,7700,5962,5475,3032,4306,913750000
953,2619,6191,5084,7826,6065,5548,3088,4390,913750000
949,2601,6160,5028,7715,5982,5489,3060,4394,913750000
954,2614,6176,5068,7788,6042,5527,3081,4418,913750000
956,2610,6166,5046,7753,6014,5513,3083,4464,913750000
960,2618,6172,5067,7786,6038,5532,3100,4496,913750000
960,2618,6178,5070,7785,6044,5535,3103,4490,913750000
957,2603,6157,5033,7732,5990,5507,3083,4482,913750000
959,2613,6168,5059,7771,6026,5524,3098,4490,913750000
1478,5272,9784,11539,17076,13977,11106,5522,5214,91375000
1500,5420,9966,11719,17255,14181,11271,5628,5316,91375000
1496,5327,9860,11628,17181,14097,11224,5615,5332,91375000
1494,5351,9888,11639,17183,14106,11206,5609,5326,91375000
1506,5406,9948,11740,17304,14218,11308,5675,5366,91375000
1505,5364,9912,11707,17293,14199,11295,5678,5382,91375000
1502,5333,9862,11660,17227,14147,11263,5661,5380,91375000
1502,5326,9862,11651,17223,14147,11260,5668,5390,91375000
1501,5327,9869,11655,17226,14147,11273,5669,5386,91375000
1514,5430,9988,11781,17362,14281,11377,5735,5418,91375000
1499,5302,9831,11616,17183,14113,11241,5654,5380,91375000
1496,5269,9817,11600,17171,14081,11234,5640,5366,91375000
1503,5332,9862,11654,17231,14158,11290,5692,5398,91375000
1468,5274,9762,11456,17030,13983,11121,5505,5218,91375000
1503,5335,9865,11654,17217,14138,11269,5675,5388,91375000
1527,5511,10084,11869,17461,14393,11479,5813,5452,91375000
1502,5332,9867,11657,17230,14156,11268,5676,5384,91375000
1502,5329,9854,11652,17223,14148,11270,5680,5388,91375000
1514,5336,9877,11711,17313,14234,11343,5748,5434,91375000
1514,5342,9891,11731,17345,14256,11367,5746,5432,91375000
1860,10198,15400,14509,19878,17124,14077,6914,5636,9137500
1897,10279,15534,14714,20132,17355,14271,6984,5724,9137500
1868,10320,15494,14568,19820,17058,13949,6760,5580,9137500
1914,10219,15540,14778,20289,17486,14427,7159,5802,9137500
1912,10328,15603,14814,20282,17481,14381,7126,5780,9137500
1832,10130,15271,14282,19385,16649,13578,6733,5560,9137500
1833,10052,15222,14257,19378,16643,13575,6755,5564,9137500
1816,10077,15178,14168,19174,16463,13417,6648,5503,9137500
1828,10083,15224,14237,19214,16493,13426,6749,5548,9137500
1825,10102,15257,14220,19329,16612,13547,6678,5512,9137500
1810,10094,15208,14147,19227,16512,13441,6568,5442,9137500
1819,10149,15264,14219,19324,16601,13503,6591,5458,9137500
1770,10028,15083,13933,18768,16054,12980,6368,5314,9137500
1814,10119,15240,14180,19271,16538,13448,6552,5440,9137500
1753,9980,15014,13824,18615,15901,12824,6253,5240,9137500
1802,10096,15201,14117,19111,16370,13290,6615,5468,9137500
1835,10130,15281,14287,19462,16721,13638,6684,5514,9137500
1858,10245,15406,14453,19767,17015,13901,6812,5584,9137500
1911,10271,15547,14746,20188,17428,14345,7190,5768,9137500
1855,10161,15327,14391,19653,16916,13832,6810,5582,9137500
1992,11577,16974,15306,20644,17925,14844,7429,5794,913750
1972,11488,16883,15180,20504,17784,14717,7328,5712,913750
2000,11580,17008,15338,20676,17967,14900,7504,5786,913750
1995,11516,16954,15294,20602,17911,14863,7493,5784,913750
1995,11514,16962,15297,20608,17910,14877,7510,5796,913750
1991,11500,16942,15275,20576,17886,14850,7487,5778,913750
1995,11520,16954,15287,20609,17907,14866,7489,5796,913750
1973,11455,16835,15117,20362,17714,14718,7411,5784,913750
1961,11419,16788,15054,20162,17537,14558,7424,5780,913750
2006,11510,16965,15329,20666,17979,14963,7590,5874,913750
2001,11455,16934,15284,20621,17925,14924,7576,5878,913750
2004,11513,16951,15328,20654,17964,14954,7595,5882,913750
2006,11505,16955,15346,20668,17983,14970,7614,5896,913750
1990,11456,16878,15239,20577,17889,14863,7486,5840,913750
1988,11447,16864,15225,20563,17883,14848,7474,5830,913750
1980,11436,16839,15181,20498,17808,14790,7420,5788,913750
2005,11483,16930,15317,20623,17940,14928,7594,5888,913750
1993,11445,16867,15252,20553,17873,14860,7532,5830,913750
1986,11454,16858,15238,20542,17853,14839,7494,5793,913750
1983,11506,16936,15224,20528,17846,14818,7415,5738,913750
2002,11634,17128,15341,20633,17954,14962,7513,5786,91375
1997,11729,17167,15372,20651,17945,14914,7491,5746,91375
1982,11649,17094,15251,20517,17819,14800,7388,5676,91375
1985,11631,17079,15259,20524,17839,14837,7424,5716,91375
1999,11635,17117,15327,20613,17935,14929,7513,5796,91375
2004,11714,17156,15394,20658,17985,14958,7524,5798,91375
1995,11661,17109,15321,20627,17933,14932,7467,5782,91375
1995,11691,17125,15345,20651,17969,14934,7465,5784,91375
1988,11666,17102,15297,20575,17888,14849,7399,5740,91375
1977,11564,17006,15196,20465,17787,14778,7346,5716,91375
1986,11604,17047,15251,20576,17874,14860,7416,5766,91375
1993,11597,17054,15279,20579,17903,14893,7451,5798,91375
1992,11585,17039,15269,20572,17899,14891,7457,5808,91375
1993,11638,17071,15307,20614,17921,14909,7462,5804,91375
1989,11576,17026,15258,20557,17884,14875,7448,5798,91375
1987,11590,17019,15256,20553,17869,14861,7433,5790,91375
1983,11550,16991,15227,20492,17835,14827,7409,5778,91375
1983,11589,17002,15235,20520,17838,14820,7397,5764,91375
1976,11528,16954,15176,20444,17784,14777,7369,5748,91375
1981,11567,16989,15207,20496,17815,14797,7380,5752,91375
991,2707,6313,5747,9061,6927,5973,3281,4234,540000000
992,2705,6312,5766,9102,6946,5991,3289,4239,540000000
986,2676,6261,5707,9025,6869,5937,3249,4206,540000000
984,2669,6251,5699,9024,6864,5931,3237,4190,540000000
982,2675,6260,5703,9009,6866,5926,3231,4184,540000000
982,2666,6256,5706,9029,6873,5936,3237,4176,540000000
984,2693,6292,5745,9065,6913,5955,3244,4170,540000000
981,2671,6268,5717,9026,6878,5924,3225,4150,540000000
979,2672,6256,5705,9009,6860,5921,3217,4146,540000000
983,2669,6254,5710,9027,6875,5936,3246,4188,540000000
988,2683,6274,5752,9084,6928,5970,3269,4202,540000000
984,2671,6255,5723,9032,6877,5935,3238,4182,540000000
978,2647,6222,5675,8975,6822,5905,3207,4150,540000000
984,2668,6249,5716,9010,6860,5921,3240,4188,540000000
981,2667,6248,5713,9022,6872,5927,3226,4168,540000000
978,2651,6226,5688,8996,6842,5911,3213,4154,540000000
969,2605,6160,5587,8843,6696,5827,3160,4132,540000000
991,2683,6286,5787,9140,6973,5995,3284,4214,540000000
992,2684,6285,5794,9157,6982,6008,3294,4230,540000000
989,2671,6257,5753,9092,6926,5970,3278,4226,540000000
1542,6314,10904,12173,17638,14684,11736,5761,5040,54000000
1537,6249,10848,12122,17565,14623,11691,5728,5029,54000000
1533,6210,10800,12082,17528,14578,11661,5698,5010,54000000
1535,6227,10818,12081,17514,14589,11664,5700,5016,54000000
1536,6249,10856,12124,17556,14617,11676,5708,5016,54000000
1532,6221,10809,12079,17509,14575,11646,5688,5002,54000000
1529,6168,10765,12039,17490,14532,11610,5662,4992,54000000
1533,6225,10814,12089,17493,14539,11627,5709,5010,54000000
1534,6198,10793,12084,17484,14530,11628,5717,5012,54000000
1545,6570,11153,12236,17563,14719,11752,5788,5021,54000000
1537,6208,10803,12093,17540,14580,11674,5730,5026,54000000
1534,6330,10932,12139,17474,14540,11595,5702,4986,54000000
1515,6147,10712,11954,17306,14379,11473,5600,4944,54000000
1513,6153,10726,11966,17294,14370,11450,5594,4936,54000000
1510,6117,10680,11934,17283,14345,11425,5564,4918,54000000
1528,6160,10752,12057,17480,14528,11605,5677,4988,54000000
1528,6129,10715,12041,17466,14513,11587,5672,4992,54000000
1526,6143,10729,12039,17439,14505,11582,5667,4982,54000000
1527,6127,10717,12025,17450,14511,11581,5660,4984,54000000
1529,6154,10750,12064,17501,14541,11602,5670,4988,54000000
1865,10499,15726,14532,19818,17099,14102,6880,5368,5400000
1867,10485,15713,14553,19832,17125,14107,6875,5372,5400000
1870,10467,15714,14540,19850,17138,14135,6886,5384,5400000
1877,10532,15777,14609,19934,17215,14204,6932,5406,5400000
1883,10635,15852,14704,20024,17309,14263,6974,5422,5400000
1877,10535,15767,14635,19945,17230,14235,6971,5422,5400000
1877,10488,15756,14622,19932,17244,14246,6997,5424,5400000
1885,10532,15796,14683,20003,17298,14308,7042,5450,5400000
1904,10636,15927,14831,20150,17445,14450,7184,5505,5400000
1861,10489,15698,14521,19997,17319,14342,7118,5482,5400000
1908,10615,15916,14849,20166,17483,14495,7235,5530,5400000
1924,10676,16001,14948,20309,17601,14613,7316,5570,5400000
1912,10544,15868,14860,20213,17526,14553,7277,5554,5400000
1925,10583,15928,14944,20303,17606,14654,7400,5602,5400000
1932,10576,15940,14982,20365,17679,14729,7471,5633,5400000
1944,10594,15973,15045,20459,17777,14837,7572,5672,5400000
1935,10581,15933,14994,20400,17733,14791,7503,5646,5400000
1939,10579,15936,15023,20433,17753,14816,7552,5664,5400000
1967,10697,16154,15234,20686,17999,15063,7743,5734,5400000
1992,10749,16246,15398,20905,18213,15289,7934,5814,5400000
2012,11566,17112,15494,20877,18227,15329,7828,5738,540000
2008,11612,17115,15487,20863,18199,15262,7778,5715,540000
1995,11489,17018,15367,20711,18067,15154,7695,5678,540000
1990,11514,17005,15350,20685,18029,15103,7650,5664,540000
1983,11512,16982,15317,20668,18002,15059,7597,5640,540000
1980,11495,16962,15299,20632,17971,15037,7579,5634,540000
1979,11505,16954,15294,20650,17973,15032,7574,5632,540000
1976,11474,16932,15266,20614,17948,15005,7563,5624,540000
1975,11479,16924,15256,20609,17932,15002,7550,5622,540000
1972,11465,16907,15236,20586,17910,14975,7533,5616,540000
1965,11443,16876,15208,20536,17869,14932,7500,5600,540000
1967,11517,16926,15239,20581,17903,14942,7491,5593,540000
1960,11454,16868,15174,20497,17826,14886,7452,5580,540000
1956,11421,16824,15147,20457,17786,14852,7429,5569,540000
1952,11420,16818,15121,20421,17758,14807,7388,5552,540000
1947,11436,16809,15094,20409,17723,14771,7349,5542,540000
1941,11383,16761,15035,20325,17655,14714,7312,5524,540000
1940,11418,16780,15054,20343,17665,14717,7297,5518,540000
1930,11352,16702,14967,20228,17573,14626,7233,5494,540000
1922,11349,16676,14908,20152,17501,14549,7168,5464,540000
1914,11420,16732,14848,20083,17413,14460,7072,5424,54000
1916,11439,16753,14873,20112,17442,14491,7104,5428,54000
1916,11431,16751,14874,20112,17450,14494,7104,5432,54000
1918,11442,16749,14870,20101,17434,14478,7114,5428,54000
1918,11451,16766,14880,20135,17456,14495,7114,5440,54000
1914,11413,16710,14829,20063,17407,14464,7083,5424,54000
1912,11419,16710,14826,20073,17406,14453,7076,5426,54000
1920,11492,16769,14883,20131,17462,14487,7103,5436,54000
1917,11454,16748,14853,20127,17451,14488,7103,5434,54000
1912,11406,16699,14817,20054,17401,14452,7091,5434,54000
1916,11452,16721,14837,20102,17432,14467,7098,5436,54000
1909,11381,16661,14771,20012,17368,14419,7073,5426,54000
1911,11407,16684,14789,20052,17386,14441,7085,5426,54000
1917,11441,16756,14829,20101,17441,14504,7114,5434,54000
1921,11466,16780,14872,20148,17486,14550,7140,5438,54000
1963,11650,17095,15182,20617,17893,14916,7351,5572,54000
1931,11493,16808,14950,20295,17642,14694,7249,5480,54000
1935,11463,16794,14950,20292,17646,14729,7287,5488,54000
1940,11487,16821,14993,20346,17699,14794,7352,5502,54000
1953,11548,16902,15097,20470,17830,14925,7463,5531,54000
932,2361,6310,4594,6345,5384,5207,2977,4112,1618750000
940,2375,6327,4634,6412,5428,5256,3016,4178,1618750000
935,2368,6303,4595,6341,5371,5208,2985,4158,1618750000
936,2366,6291,4593,6341,5360,5206,2979,4178,1618750000
939,2368,6295,4595,6346,5379,5205,2987,4206,1618750000
944,2379,6314,4622,6387,5412,5245,3011,4238,1618750000
944,2380,6318,4626,6407,5438,5246,3014,4238,1618750000
935,2369,6310,4606,6380,5407,5222,2980,4156,1618750000
933,2364,6292,4592,6359,5383,5208,2966,4144,1618750000
941,2373,6313,4614,6382,5416,5224,2998,4196,1618750000
934,2373,6309,4607,6377,5410,5219,2970,4140,1618750000
931,2366,6288,4578,6338,5373,5199,2958,4138,1618750000
930,2361,6274,4566,6318,5353,5189,2949,4134,1618750000
942,2374,6293,4594,6357,5389,5220,2990,4232,1618750000
941,2376,6295,4594,6352,5388,5222,2985,4228,1618750000
942,2381,6308,4615,6394,5426,5234,2996,4224,1618750000
938,2369,6277,4586,6345,5381,5210,2976,4208,1618750000
940,2374,6285,4594,6360,5393,5220,2986,4218,1618750000
940,2370,6278,4583,6342,5378,5212,2979,4218,1618750000
942,2379,6292,4608,6402,5430,5241,3002,4242,1618750000
1300,3177,7836,8948,14125,11132,9078,4804,4914,161875000
1285,3094,7671,8776,13918,10940,8916,4701,4868,161875000
1283,3086,7663,8763,13896,10928,8900,4684,4868,161875000
1284,3084,7650,8758,13894,10923,8906,4691,4882,161875000
1293,3109,7711,8820,13981,11011,8961,4729,4932,161875000
1221,3027,7574,8512,13475,10559,8577,4372,4410,161875000
1213,3003,7525,8441,13395,10490,8525,4339,4382,161875000
1210,3010,7536,8430,13360,10464,8508,4322,4372,161875000
1207,3006,7532,8395,13313,10426,8467,4293,4364,161875000
1211,3002,7512,8392,13318,10423,8466,4313,4446,161875000
1253,3051,7585,8553,13546,10627,8642,4483,4740,161875000
1212,3011,7527,8417,13312,10434,8467,4337,4434,161875000
1250,3039,7554,8555,13574,10661,8672,4545,4720,161875000
1264,3071,7625,8646,13656,10737,8728,4564,4744,161875000
1303,3096,7654,8797,13965,11003,8979,4808,5060,161875000
1305,3116,7689,8836,14013,11043,9008,4825,5050,161875000
1300,3096,7658,8810,13955,10982,8962,4781,4992,161875000
1188,2939,7386,8207,13260,10399,8466,4358,4534,161875000
1248,3042,7586,8572,13586,10721,8771,4593,4664,161875000
1278,3048,7568,8695,13806,10855,8860,4704,4862,161875000
1860,7900,14326,14209,20098,17133,14445,7334,5524,16187500
1858,7896,14318,14194,20074,17109,14430,7337,5504,16187500
1872,7968,14432,14308,20164,17199,14519,7430,5530,16187500
1872,7987,14468,14334,20211,17239,14551,7435,5502,16187500
1852,7897,14316,14173,19991,17045,14384,7325,5442,16187500
1860,8000,14474,14283,20112,17154,14466,7373,5452,16187500
1871,8077,14568,14370,20212,17241,14537,7424,5480,16187500
1859,7949,14416,14256,20084,17129,14445,7376,5460,16187500
1858,7934,14392,14231,20065,17108,14433,7358,5456,16187500
1863,8009,14491,14312,20129,17172,14481,7383,5459,16187500
1851,7907,14336,14175,19991,17042,14373,7313,5431,16187500
1860,7976,14446,14259,20091,17139,14437,7360,5458,16187500
1874,7967,14460,14321,20205,17250,14581,7465,5526,16187500
1873,7939,14397,14289,20174,17224,14566,7469,5547,16187500
1876,7973,14460,14321,20205,17245,14574,7477,5548,16187500
1865,7937,14387,14265,20105,17149,14478,7409,5505,16187500
1862,7923,14369,14239,20090,17142,14488,7394,5494,16187500
1872,8006,14501,14331,20189,17227,14534,7428,5521,16187500
1869,8025,14500,14329,20164,17215,14525,7423,5506,16187500
1855,8007,14475,14263,20095,17141,14445,7334,5430,16187500
1997,10284,17439,15358,20911,18057,15398,7795,5410,1618750
2001,10319,17448,15368,20892,18044,15385,7770,5416,1618750
1984,10160,17303,15225,20744,17906,15274,7707,5376,1618750
1981,10101,17237,15178,20675,17862,15251,7718,5382,1618750
2004,10143,17326,15298,20810,17996,15410,7875,5442,1618750
2000,10136,17313,15281,20782,17969,15370,7850,5442,1618750
1995,10121,17280,15248,20728,17920,15324,7819,5426,1618750
1998,10177,17362,15291,20786,17963,15349,7832,5404,1618750
1990,10113,17273,15229,20720,17908,15303,7796,5412,1618750
1996,10121,17286,15249,20742,17922,15326,7822,5428,1618750
1992,10116,17279,15232,20736,17915,15321,7810,5414,1618750
1992,10107,17258,15228,20718,17904,15308,7801,5410,1618750
1999,10127,17303,15273,20792,17976,15379,7861,5442,1618750
1993,10101,17255,15226,20741,17925,15333,7824,5424,1618750
2009,10129,17306,15315,20826,18018,15441,7936,5506,1618750
1996,10105,17258,15258,20757,17946,15359,7851,5444,1618750
2006,10121,17294,15296,20821,18009,15420,7908,5490,1618750
2000,10112,17277,15269,20787,17978,15385,7872,5466,1618750
1990,10095,17242,15221,20711,17897,15291,7795,5428,1618750
1985,10075,17209,15190,20669,17858,15237,7754,5414,1618750
1937,10369,17468,14965,20309,17514,14849,7257,5152,161875
1927,10362,17451,14922,20281,17465,14801,7201,5128,161875
1924,10331,17433,14893,20241,17435,14773,7187,5118,161875
1917,10282,17367,14837,20172,17371,14731,7154,5108,161875
1918,10277,17354,14822,20158,17360,14713,7140,5102,161875
1917,10280,17358,14834,20156,17364,14721,7153,5102,161875
1916,10278,17360,14828,20143,17350,14705,7146,5100,161875
1916,10274,17357,14825,20102,17316,14673,7153,5094,161875
1913,10270,17333,14802,20131,17341,14698,7125,5086,161875
1918,10333,17424,14868,20217,17401,14733,7142,5092,161875
1934,10412,17495,14979,20310,17489,14828,7254,5134,161875
1927,10319,17432,14894,20225,17424,14792,7238,5128,161875
1926,10298,17392,14878,20176,17398,14768,7222,5122,161875
1914,10274,17346,14810,20139,17349,14702,7121,5094,161875
1921,10282,17363,14844,20190,17388,14742,7166,5122,161875
1918,10279,17358,14834,20172,17376,14729,7155,5108,161875
1921,10288,17369,14855,20195,17394,14750,7171,5122,161875
1927,10313,17417,14900,20250,17442,14794,7210,5142,161875
1931,10302,17400,14898,20262,17463,14817,7239,5160,161875
1940,10318,17439,14952,20334,17537,14894,7309,5202,161875
919,2399,6373,4713,6703,5520,5304,2993,3848,1141250000
922,2400,6367,4744,6761,5572,5348,3018,3856,1141250000
918,2383,6324,4719,6741,5557,5333,3003,3844,1141250000
910,2362,6284,4659,6631,5475,5258,2959,3814,1141250000
907,2356,6266,4641,6604,5449,5239,2945,3802,1141250000
909,2359,6275,4651,6613,5463,5246,2951,3808,1141250000
907,2358,6268,4640,6604,5447,5241,2941,3808,1141250000
914,2367,6290,4678,6672,5509,5286,2973,3838,1141250000
913,2364,6281,4664,6641,5486,5264,2963,3840,1141250000
920,2372,6280,4667,6648,5486,5274,2985,3904,1141250000
921,2382,6316,4715,6736,5574,5330,3009,3894,1141250000
918,2375,6305,4703,6733,5556,5319,2993,3862,1141250000
917,2368,6284,4672,6655,5499,5275,2973,3874,1141250000
920,2371,6280,4676,6666,5498,5286,2984,3896,1141250000
925,2382,6305,4721,6757,5571,5334,3015,3920,1141250000
927,2387,6319,4736,6792,5600,5360,3028,3924,1141250000
923,2376,6288,4674,6662,5498,5279,2987,3922,1141250000
919,2373,6282,4677,6671,5502,5287,2983,3900,1141250000
923,2375,6285,4686,6685,5514,5297,2996,3930,1141250000
930,2390,6314,4725,6765,5589,5344,3036,3972,1141250000
1348,3742,8590,10005,15474,12419,10093,5016,4578,114125000
1350,3762,8632,10034,15521,12464,10131,5030,4580,114125000
1358,3799,8709,10107,15623,12551,10194,5073,4594,114125000
1346,3744,8597,10001,15480,12420,10101,5013,4570,114125000
1357,3757,8615,10060,15522,12468,10148,5094,4622,114125000
1358,3795,8710,10113,15622,12559,10197,5085,4602,114125000
1362,3787,8685,10111,15613,12551,10210,5111,4620,114125000
1360,3781,8672,10109,15608,12543,10203,5109,4626,114125000
1368,3782,8673,10132,15603,12552,10208,5177,4680,114125000
1373,3786,8676,10153,15671,12609,10268,5193,4696,114125000
1371,3773,8644,10119,15653,12586,10262,5183,4698,114125000
1375,3777,8651,10137,15661,12602,10269,5208,4728,114125000
1373,3776,8652,10133,15649,12588,10254,5190,4714,114125000
1382,3846,8803,10253,15828,12745,10361,5227,4710,114125000
1363,3769,8648,10093,15617,12545,10205,5123,4656,114125000
1369,3801,8706,10155,15695,12625,10267,5160,4680,114125000
1362,3758,8615,10065,15578,12511,10186,5112,4660,114125000
1375,3818,8750,10208,15740,12663,10292,5196,4686,114125000
1399,4007,9056,10474,16041,12958,10553,5347,4748,114125000
1368,3821,8758,10177,15717,12641,10262,5142,4656,114125000
1884,8925,15577,14639,20331,17414,14712,7347,5288,11412500
1869,8740,15366,14468,20155,17258,14588,7277,5264,11412500
1862,8684,15291,14408,20087,17183,14524,7237,5248,11412500
1855,8668,15270,14363,20029,17141,14488,7200,5228,11412500
1853,8665,15265,14356,20006,17118,14462,7183,5212,11412500
1866,8760,15401,14468,20147,17231,14563,7253,5244,11412500
1863,8765,15390,14456,20121,17220,14537,7228,5232,11412500
1861,8693,15315,14387,20051,17160,14498,7213,5230,11412500
1866,8787,15426,14483,20158,17242,14557,7244,5242,11412500
1860,8681,15286,14385,20050,17158,14507,7227,5248,11412500
1861,8689,15310,14401,20067,17175,14516,7241,5252,11412500
1861,8681,15295,14390,20049,17159,14506,7228,5252,11412500
1877,8715,15365,14489,20146,17268,14631,7377,5316,11412500
1880,8721,15366,14493,20155,17273,14635,7382,5316,11412500
1872,8719,15363,14465,20108,17233,14588,7333,5296,11412500
1880,8728,15382,14504,20162,17286,14655,7400,5328,11412500
1880,8727,15383,14495,20149,17271,14634,7391,5318,11412500
1873,8709,15352,14457,20100,17229,14595,7357,5300,11412500
1869,8701,15338,14435,20081,17197,14569,7327,5276,11412500
1867,8694,15324,14416,20060,17177,14549,7311,5264,11412500
1965,10325,17405,15177,20656,17810,15153,7569,5268,1141250
1951,10170,17263,15021,20463,17663,15046,7512,5244,1141250
1952,10157,17231,15014,20460,17649,15049,7515,5246,1141250
1951,10151,17221,15014,20455,17651,15054,7523,5248,1141250
1946,10131,17194,14976,20404,17603,15004,7495,5226,1141250
1948,10133,17199,14993,20428,17617,15023,7506,5234,1141250
1947,10123,17173,14978,20397,17591,15002,7498,5230,1141250
1954,10129,17200,15008,20437,17643,15065,7576,5262,1141250
1941,10100,17145,14938,20363,17563,14983,7501,5230,1141250
1960,10132,17206,15035,20462,17671,15102,7650,5292,1141250
1954,10117,17176,15009,20415,17635,15074,7613,5268,1141250
1963,10241,17386,15127,20525,17721,15120,7613,5246,1141250
1947,10216,17332,15054,20451,17647,15036,7489,5186,1141250
1948,10198,17318,15054,20491,17695,15084,7503,5194,1141250
1953,10211,17345,15085,20525,17729,15116,7539,5206,1141250
1955,10209,17348,15099,20550,17747,15144,7558,5218,1141250
1959,10215,17353,15121,20547,17749,15137,7564,5228,1141250
1959,10216,17358,15125,20577,17776,15167,7589,5236,1141250
1963,10220,17368,15149,20599,17799,15185,7612,5246,1141250
1967,10227,17388,15172,20642,17834,15230,7645,5264,1141250
2007,10660,17872,15501,20958,18135,15499,7845,5304,114125
1998,10501,17770,15393,20858,18051,15455,7843,5304,114125
2001,10476,17740,15391,20852,18055,15475,7865,5318,114125
2017,10623,17893,15553,21047,18219,15597,7949,5348,114125
2013,10580,17861,15519,21015,18200,15594,7954,5345,114125
2014,10488,17774,15464,20946,18143,15573,7970,5356,114125
2004,10466,17736,15426,20896,18103,15523,7915,5334,114125
2007,10474,17746,15430,20938,18129,15551,7934,5338,114125
2005,10464,17730,15421,20916,18112,15538,7923,5334,114125
2007,10469,17732,15443,20930,18133,15564,7958,5344,114125
2016,10554,17836,15526,21047,18224,15623,7994,5358,114125
2023,10494,17788,15524,21016,18220,15659,8051,5388,114125
2024,10577,17857,15574,21092,18268,15676,8048,5382,114125
2023,10571,17847,15571,21064,18255,15670,8058,5379,114125
2014,10524,17793,15487,20973,18177,15584,7999,5356,114125
2007,10453,17709,15428,20898,18113,15552,7985,5348,114125
2010,10456,17717,15447,20910,18126,15573,8004,5358,114125
2014,10456,17725,15464,20945,18153,15606,8028,5370,114125
2016,10462,17724,15473,20965,18173,15623,8047,5376,114125
2019,10531,17805,15534,21023,18210,15623,8041,5370,114125